15 01 01 00 00 00 02 00 00 00 05 00 00 00 00 00 23
11 01 01 00 00 00 02 00 00 00 05 00 00 00 00 00 1F
11 01 01 00 00 00 03 00 00 00 05 00 00 00 00 00 21
11 01 01 10 00 00 03 00 00 00 05 00 00 00 00 00 41
11 01 01 00 00 00 02 00 00 00 10 00 00 00 00 00 35
11 01 01 00 00 00 02 00 00 00 05 00 00 00 00 00 1F
11 01 01 00 00 00 02 00 00 00 05 00 00 00 00 00 1F
11 01 01 00 00 00 02 00 00 00 05 00 00 00 00 00 1F
11 01 01 00 00 00 02 00 00 00 05 00 00 00 00 00 1F
11 01 01 1E 01 00 00 00 01 00 00 01 00 00 00 00 53
11 01 01 1D 01 00 00 00 01 00 00 02 00 00 00 00 4F
11 01 01 1C 01 00 00 00 01 00 00 03 00 00 00 00 53
11 01 01 1B 01 00 00 00 01 00 00 04 00 00 00 00 4F
11 01 01 1A 01 00 00 00 01 00 00 05 00 00 00 00 53
11 01 01 1E 01 00 00 00 01 00 00 01 00 00 00 00 53